126 2016
0 63
0 65
0 67
0 69
0 71
0 73
0 75
0 77
0 79
0 81
0 83
0 85
0 87
0 89
0 91
0 93
0 95
0 97
0 99
0 101
0 103
0 105
0 107
0 109
0 111
0 113
0 115
0 117
0 119
0 121
0 123
0 125
1 64
1 65
1 68
1 69
1 72
1 73
1 76
1 77
1 80
1 81
1 84
1 85
1 88
1 89
1 92
1 93
1 96
1 97
1 100
1 101
1 104
1 105
1 108
1 109
1 112
1 113
1 116
1 117
1 120
1 121
1 124
1 125
2 63
2 64
2 67
2 68
2 71
2 72
2 75
2 76
2 79
2 80
2 83
2 84
2 87
2 88
2 91
2 92
2 95
2 96
2 99
2 100
2 103
2 104
2 107
2 108
2 111
2 112
2 115
2 116
2 119
2 120
2 123
2 124
3 66
3 67
3 68
3 69
3 74
3 75
3 76
3 77
3 82
3 83
3 84
3 85
3 90
3 91
3 92
3 93
3 98
3 99
3 100
3 101
3 106
3 107
3 108
3 109
3 114
3 115
3 116
3 117
3 122
3 123
3 124
3 125
4 63
4 65
4 66
4 68
4 71
4 73
4 74
4 76
4 79
4 81
4 82
4 84
4 87
4 89
4 90
4 92
4 95
4 97
4 98
4 100
4 103
4 105
4 106
4 108
4 111
4 113
4 114
4 116
4 119
4 121
4 122
4 124
5 64
5 65
5 66
5 67
5 72
5 73
5 74
5 75
5 80
5 81
5 82
5 83
5 88
5 89
5 90
5 91
5 96
5 97
5 98
5 99
5 104
5 105
5 106
5 107
5 112
5 113
5 114
5 115
5 120
5 121
5 122
5 123
6 63
6 64
6 66
6 69
6 71
6 72
6 74
6 77
6 79
6 80
6 82
6 85
6 87
6 88
6 90
6 93
6 95
6 96
6 98
6 101
6 103
6 104
6 106
6 109
6 111
6 112
6 114
6 117
6 119
6 120
6 122
6 125
7 70
7 71
7 72
7 73
7 74
7 75
7 76
7 77
7 86
7 87
7 88
7 89
7 90
7 91
7 92
7 93
7 102
7 103
7 104
7 105
7 106
7 107
7 108
7 109
7 118
7 119
7 120
7 121
7 122
7 123
7 124
7 125
8 63
8 65
8 67
8 69
8 70
8 72
8 74
8 76
8 79
8 81
8 83
8 85
8 86
8 88
8 90
8 92
8 95
8 97
8 99
8 101
8 102
8 104
8 106
8 108
8 111
8 113
8 115
8 117
8 118
8 120
8 122
8 124
9 64
9 65
9 68
9 69
9 70
9 71
9 74
9 75
9 80
9 81
9 84
9 85
9 86
9 87
9 90
9 91
9 96
9 97
9 100
9 101
9 102
9 103
9 106
9 107
9 112
9 113
9 116
9 117
9 118
9 119
9 122
9 123
10 63
10 64
10 67
10 68
10 70
10 73
10 74
10 77
10 79
10 80
10 83
10 84
10 86
10 89
10 90
10 93
10 95
10 96
10 99
10 100
10 102
10 105
10 106
10 109
10 111
10 112
10 115
10 116
10 118
10 121
10 122
10 125
11 66
11 67
11 68
11 69
11 70
11 71
11 72
11 73
11 82
11 83
11 84
11 85
11 86
11 87
11 88
11 89
11 98
11 99
11 100
11 101
11 102
11 103
11 104
11 105
11 114
11 115
11 116
11 117
11 118
11 119
11 120
11 121
12 63
12 65
12 66
12 68
12 70
12 72
12 75
12 77
12 79
12 81
12 82
12 84
12 86
12 88
12 91
12 93
12 95
12 97
12 98
12 100
12 102
12 104
12 107
12 109
12 111
12 113
12 114
12 116
12 118
12 120
12 123
12 125
13 64
13 65
13 66
13 67
13 70
13 71
13 76
13 77
13 80
13 81
13 82
13 83
13 86
13 87
13 92
13 93
13 96
13 97
13 98
13 99
13 102
13 103
13 108
13 109
13 112
13 113
13 114
13 115
13 118
13 119
13 124
13 125
14 63
14 64
14 66
14 69
14 70
14 73
14 75
14 76
14 79
14 80
14 82
14 85
14 86
14 89
14 91
14 92
14 95
14 96
14 98
14 101
14 102
14 105
14 107
14 108
14 111
14 112
14 114
14 117
14 118
14 121
14 123
14 124
15 78
15 79
15 80
15 81
15 82
15 83
15 84
15 85
15 86
15 87
15 88
15 89
15 90
15 91
15 92
15 93
15 110
15 111
15 112
15 113
15 114
15 115
15 116
15 117
15 118
15 119
15 120
15 121
15 122
15 123
15 124
15 125
16 63
16 65
16 67
16 69
16 71
16 73
16 75
16 77
16 78
16 80
16 82
16 84
16 86
16 88
16 90
16 92
16 95
16 97
16 99
16 101
16 103
16 105
16 107
16 109
16 110
16 112
16 114
16 116
16 118
16 120
16 122
16 124
17 64
17 65
17 68
17 69
17 72
17 73
17 76
17 77
17 78
17 79
17 82
17 83
17 86
17 87
17 90
17 91
17 96
17 97
17 100
17 101
17 104
17 105
17 108
17 109
17 110
17 111
17 114
17 115
17 118
17 119
17 122
17 123
18 63
18 64
18 67
18 68
18 71
18 72
18 75
18 76
18 78
18 81
18 82
18 85
18 86
18 89
18 90
18 93
18 95
18 96
18 99
18 100
18 103
18 104
18 107
18 108
18 110
18 113
18 114
18 117
18 118
18 121
18 122
18 125
19 66
19 67
19 68
19 69
19 74
19 75
19 76
19 77
19 78
19 79
19 80
19 81
19 86
19 87
19 88
19 89
19 98
19 99
19 100
19 101
19 106
19 107
19 108
19 109
19 110
19 111
19 112
19 113
19 118
19 119
19 120
19 121
20 63
20 65
20 66
20 68
20 71
20 73
20 74
20 76
20 78
20 80
20 83
20 85
20 86
20 88
20 91
20 93
20 95
20 97
20 98
20 100
20 103
20 105
20 106
20 108
20 110
20 112
20 115
20 117
20 118
20 120
20 123
20 125
21 64
21 65
21 66
21 67
21 72
21 73
21 74
21 75
21 78
21 79
21 84
21 85
21 86
21 87
21 92
21 93
21 96
21 97
21 98
21 99
21 104
21 105
21 106
21 107
21 110
21 111
21 116
21 117
21 118
21 119
21 124
21 125
22 63
22 64
22 66
22 69
22 71
22 72
22 74
22 77
22 78
22 81
22 83
22 84
22 86
22 89
22 91
22 92
22 95
22 96
22 98
22 101
22 103
22 104
22 106
22 109
22 110
22 113
22 115
22 116
22 118
22 121
22 123
22 124
23 70
23 71
23 72
23 73
23 74
23 75
23 76
23 77
23 78
23 79
23 80
23 81
23 82
23 83
23 84
23 85
23 102
23 103
23 104
23 105
23 106
23 107
23 108
23 109
23 110
23 111
23 112
23 113
23 114
23 115
23 116
23 117
24 63
24 65
24 67
24 69
24 70
24 72
24 74
24 76
24 78
24 80
24 82
24 84
24 87
24 89
24 91
24 93
24 95
24 97
24 99
24 101
24 102
24 104
24 106
24 108
24 110
24 112
24 114
24 116
24 119
24 121
24 123
24 125
25 64
25 65
25 68
25 69
25 70
25 71
25 74
25 75
25 78
25 79
25 82
25 83
25 88
25 89
25 92
25 93
25 96
25 97
25 100
25 101
25 102
25 103
25 106
25 107
25 110
25 111
25 114
25 115
25 120
25 121
25 124
25 125
26 63
26 64
26 67
26 68
26 70
26 73
26 74
26 77
26 78
26 81
26 82
26 85
26 87
26 88
26 91
26 92
26 95
26 96
26 99
26 100
26 102
26 105
26 106
26 109
26 110
26 113
26 114
26 117
26 119
26 120
26 123
26 124
27 66
27 67
27 68
27 69
27 70
27 71
27 72
27 73
27 78
27 79
27 80
27 81
27 90
27 91
27 92
27 93
27 98
27 99
27 100
27 101
27 102
27 103
27 104
27 105
27 110
27 111
27 112
27 113
27 122
27 123
27 124
27 125
28 63
28 65
28 66
28 68
28 70
28 72
28 75
28 77
28 78
28 80
28 83
28 85
28 87
28 89
28 90
28 92
28 95
28 97
28 98
28 100
28 102
28 104
28 107
28 109
28 110
28 112
28 115
28 117
28 119
28 121
28 122
28 124
29 64
29 65
29 66
29 67
29 70
29 71
29 76
29 77
29 78
29 79
29 84
29 85
29 88
29 89
29 90
29 91
29 96
29 97
29 98
29 99
29 102
29 103
29 108
29 109
29 110
29 111
29 116
29 117
29 120
29 121
29 122
29 123
30 63
30 64
30 66
30 69
30 70
30 73
30 75
30 76
30 78
30 81
30 83
30 84
30 87
30 88
30 90
30 93
30 95
30 96
30 98
30 101
30 102
30 105
30 107
30 108
30 110
30 113
30 115
30 116
30 119
30 120
30 122
30 125
31 94
31 95
31 96
31 97
31 98
31 99
31 100
31 101
31 102
31 103
31 104
31 105
31 106
31 107
31 108
31 109
31 110
31 111
31 112
31 113
31 114
31 115
31 116
31 117
31 118
31 119
31 120
31 121
31 122
31 123
31 124
31 125
32 63
32 65
32 67
32 69
32 71
32 73
32 75
32 77
32 79
32 81
32 83
32 85
32 87
32 89
32 91
32 93
32 94
32 96
32 98
32 100
32 102
32 104
32 106
32 108
32 110
32 112
32 114
32 116
32 118
32 120
32 122
32 124
33 64
33 65
33 68
33 69
33 72
33 73
33 76
33 77
33 80
33 81
33 84
33 85
33 88
33 89
33 92
33 93
33 94
33 95
33 98
33 99
33 102
33 103
33 106
33 107
33 110
33 111
33 114
33 115
33 118
33 119
33 122
33 123
34 63
34 64
34 67
34 68
34 71
34 72
34 75
34 76
34 79
34 80
34 83
34 84
34 87
34 88
34 91
34 92
34 94
34 97
34 98
34 101
34 102
34 105
34 106
34 109
34 110
34 113
34 114
34 117
34 118
34 121
34 122
34 125
35 66
35 67
35 68
35 69
35 74
35 75
35 76
35 77
35 82
35 83
35 84
35 85
35 90
35 91
35 92
35 93
35 94
35 95
35 96
35 97
35 102
35 103
35 104
35 105
35 110
35 111
35 112
35 113
35 118
35 119
35 120
35 121
36 63
36 65
36 66
36 68
36 71
36 73
36 74
36 76
36 79
36 81
36 82
36 84
36 87
36 89
36 90
36 92
36 94
36 96
36 99
36 101
36 102
36 104
36 107
36 109
36 110
36 112
36 115
36 117
36 118
36 120
36 123
36 125
37 64
37 65
37 66
37 67
37 72
37 73
37 74
37 75
37 80
37 81
37 82
37 83
37 88
37 89
37 90
37 91
37 94
37 95
37 100
37 101
37 102
37 103
37 108
37 109
37 110
37 111
37 116
37 117
37 118
37 119
37 124
37 125
38 63
38 64
38 66
38 69
38 71
38 72
38 74
38 77
38 79
38 80
38 82
38 85
38 87
38 88
38 90
38 93
38 94
38 97
38 99
38 100
38 102
38 105
38 107
38 108
38 110
38 113
38 115
38 116
38 118
38 121
38 123
38 124
39 70
39 71
39 72
39 73
39 74
39 75
39 76
39 77
39 86
39 87
39 88
39 89
39 90
39 91
39 92
39 93
39 94
39 95
39 96
39 97
39 98
39 99
39 100
39 101
39 110
39 111
39 112
39 113
39 114
39 115
39 116
39 117
40 63
40 65
40 67
40 69
40 70
40 72
40 74
40 76
40 79
40 81
40 83
40 85
40 86
40 88
40 90
40 92
40 94
40 96
40 98
40 100
40 103
40 105
40 107
40 109
40 110
40 112
40 114
40 116
40 119
40 121
40 123
40 125
41 64
41 65
41 68
41 69
41 70
41 71
41 74
41 75
41 80
41 81
41 84
41 85
41 86
41 87
41 90
41 91
41 94
41 95
41 98
41 99
41 104
41 105
41 108
41 109
41 110
41 111
41 114
41 115
41 120
41 121
41 124
41 125
42 63
42 64
42 67
42 68
42 70
42 73
42 74
42 77
42 79
42 80
42 83
42 84
42 86
42 89
42 90
42 93
42 94
42 97
42 98
42 101
42 103
42 104
42 107
42 108
42 110
42 113
42 114
42 117
42 119
42 120
42 123
42 124
43 66
43 67
43 68
43 69
43 70
43 71
43 72
43 73
43 82
43 83
43 84
43 85
43 86
43 87
43 88
43 89
43 94
43 95
43 96
43 97
43 106
43 107
43 108
43 109
43 110
43 111
43 112
43 113
43 122
43 123
43 124
43 125
44 63
44 65
44 66
44 68
44 70
44 72
44 75
44 77
44 79
44 81
44 82
44 84
44 86
44 88
44 91
44 93
44 94
44 96
44 99
44 101
44 103
44 105
44 106
44 108
44 110
44 112
44 115
44 117
44 119
44 121
44 122
44 124
45 64
45 65
45 66
45 67
45 70
45 71
45 76
45 77
45 80
45 81
45 82
45 83
45 86
45 87
45 92
45 93
45 94
45 95
45 100
45 101
45 104
45 105
45 106
45 107
45 110
45 111
45 116
45 117
45 120
45 121
45 122
45 123
46 63
46 64
46 66
46 69
46 70
46 73
46 75
46 76
46 79
46 80
46 82
46 85
46 86
46 89
46 91
46 92
46 94
46 97
46 99
46 100
46 103
46 104
46 106
46 109
46 110
46 113
46 115
46 116
46 119
46 120
46 122
46 125
47 78
47 79
47 80
47 81
47 82
47 83
47 84
47 85
47 86
47 87
47 88
47 89
47 90
47 91
47 92
47 93
47 94
47 95
47 96
47 97
47 98
47 99
47 100
47 101
47 102
47 103
47 104
47 105
47 106
47 107
47 108
47 109
48 63
48 65
48 67
48 69
48 71
48 73
48 75
48 77
48 78
48 80
48 82
48 84
48 86
48 88
48 90
48 92
48 94
48 96
48 98
48 100
48 102
48 104
48 106
48 108
48 111
48 113
48 115
48 117
48 119
48 121
48 123
48 125
49 64
49 65
49 68
49 69
49 72
49 73
49 76
49 77
49 78
49 79
49 82
49 83
49 86
49 87
49 90
49 91
49 94
49 95
49 98
49 99
49 102
49 103
49 106
49 107
49 112
49 113
49 116
49 117
49 120
49 121
49 124
49 125
50 63
50 64
50 67
50 68
50 71
50 72
50 75
50 76
50 78
50 81
50 82
50 85
50 86
50 89
50 90
50 93
50 94
50 97
50 98
50 101
50 102
50 105
50 106
50 109
50 111
50 112
50 115
50 116
50 119
50 120
50 123
50 124
51 66
51 67
51 68
51 69
51 74
51 75
51 76
51 77
51 78
51 79
51 80
51 81
51 86
51 87
51 88
51 89
51 94
51 95
51 96
51 97
51 102
51 103
51 104
51 105
51 114
51 115
51 116
51 117
51 122
51 123
51 124
51 125
52 63
52 65
52 66
52 68
52 71
52 73
52 74
52 76
52 78
52 80
52 83
52 85
52 86
52 88
52 91
52 93
52 94
52 96
52 99
52 101
52 102
52 104
52 107
52 109
52 111
52 113
52 114
52 116
52 119
52 121
52 122
52 124
53 64
53 65
53 66
53 67
53 72
53 73
53 74
53 75
53 78
53 79
53 84
53 85
53 86
53 87
53 92
53 93
53 94
53 95
53 100
53 101
53 102
53 103
53 108
53 109
53 112
53 113
53 114
53 115
53 120
53 121
53 122
53 123
54 63
54 64
54 66
54 69
54 71
54 72
54 74
54 77
54 78
54 81
54 83
54 84
54 86
54 89
54 91
54 92
54 94
54 97
54 99
54 100
54 102
54 105
54 107
54 108
54 111
54 112
54 114
54 117
54 119
54 120
54 122
54 125
55 70
55 71
55 72
55 73
55 74
55 75
55 76
55 77
55 78
55 79
55 80
55 81
55 82
55 83
55 84
55 85
55 94
55 95
55 96
55 97
55 98
55 99
55 100
55 101
55 118
55 119
55 120
55 121
55 122
55 123
55 124
55 125
56 63
56 65
56 67
56 69
56 70
56 72
56 74
56 76
56 78
56 80
56 82
56 84
56 87
56 89
56 91
56 93
56 94
56 96
56 98
56 100
56 103
56 105
56 107
56 109
56 111
56 113
56 115
56 117
56 118
56 120
56 122
56 124
57 64
57 65
57 68
57 69
57 70
57 71
57 74
57 75
57 78
57 79
57 82
57 83
57 88
57 89
57 92
57 93
57 94
57 95
57 98
57 99
57 104
57 105
57 108
57 109
57 112
57 113
57 116
57 117
57 118
57 119
57 122
57 123
58 63
58 64
58 67
58 68
58 70
58 73
58 74
58 77
58 78
58 81
58 82
58 85
58 87
58 88
58 91
58 92
58 94
58 97
58 98
58 101
58 103
58 104
58 107
58 108
58 111
58 112
58 115
58 116
58 118
58 121
58 122
58 125
59 66
59 67
59 68
59 69
59 70
59 71
59 72
59 73
59 78
59 79
59 80
59 81
59 90
59 91
59 92
59 93
59 94
59 95
59 96
59 97
59 106
59 107
59 108
59 109
59 114
59 115
59 116
59 117
59 118
59 119
59 120
59 121
60 63
60 65
60 66
60 68
60 70
60 72
60 75
60 77
60 78
60 80
60 83
60 85
60 87
60 89
60 90
60 92
60 94
60 96
60 99
60 101
60 103
60 105
60 106
60 108
60 111
60 113
60 114
60 116
60 118
60 120
60 123
60 125
61 64
61 65
61 66
61 67
61 70
61 71
61 76
61 77
61 78
61 79
61 84
61 85
61 88
61 89
61 90
61 91
61 94
61 95
61 100
61 101
61 104
61 105
61 106
61 107
61 112
61 113
61 114
61 115
61 118
61 119
61 124
61 125
62 63
62 64
62 66
62 69
62 70
62 73
62 75
62 76
62 78
62 81
62 83
62 84
62 87
62 88
62 90
62 93
62 94
62 97
62 99
62 100
62 103
62 104
62 106
62 109
62 111
62 112
62 114
62 117
62 118
62 121
62 123
62 124
