30 120
0 15
0 17
0 19
0 21
0 23
0 25
0 27
0 29
1 16
1 17
1 20
1 21
1 24
1 25
1 28
1 29
2 15
2 16
2 19
2 20
2 23
2 24
2 27
2 28
3 18
3 19
3 20
3 21
3 26
3 27
3 28
3 29
4 15
4 17
4 18
4 20
4 23
4 25
4 26
4 28
5 16
5 17
5 18
5 19
5 24
5 25
5 26
5 27
6 15
6 16
6 18
6 21
6 23
6 24
6 26
6 29
7 22
7 23
7 24
7 25
7 26
7 27
7 28
7 29
8 15
8 17
8 19
8 21
8 22
8 24
8 26
8 28
9 16
9 17
9 20
9 21
9 22
9 23
9 26
9 27
10 15
10 16
10 19
10 20
10 22
10 25
10 26
10 29
11 18
11 19
11 20
11 21
11 22
11 23
11 24
11 25
12 15
12 17
12 18
12 20
12 22
12 24
12 27
12 29
13 16
13 17
13 18
13 19
13 22
13 23
13 28
13 29
14 15
14 16
14 18
14 21
14 22
14 25
14 27
14 28
